,x,y,z,roll,pitch,yaw,success
0,0.19729522687260098,0.15924176525700884,0.4153910135466278,3.141592653589793,1.1779984462027338,-2.462522717957022,True
1,0.24123755971607552,-0.40197886280472056,0.1858421348670571,3.141592653589793,0.5879525190459399,2.1113077240229208,False
2,-0.07961867754295829,0.43768837233730234,0.1897106363086234,3.141592653589793,0.6210945788119749,-1.3908566338538637,True
3,0.024927066109073474,0.39385454752963783,0.292668660098579,3.141592653589793,0.8362381801516483,-1.6340020538275521,True
4,0.12281343062967398,-0.061203240360725907,0.4708168272752315,3.141592653589793,1.4020999555762514,2.6792713475411887,True
5,0.191927540709236,-0.12479753619154699,0.4401813788315328,3.141592653589793,1.2343356803880299,2.565053963326542,True
6,-0.396722416010392,0.24324413089101435,0.18813190974833402,3.141592653589793,0.5953895620613695,-0.5500211583142737,True
7,-0.48973926717044225,0.007991847382951988,0.08446701712484904,3.141592653589793,0.3891870311028187,-0.016317127568038332,False
8,0.4196112419644856,-0.25860052270882766,0.09304088354664948,3.141592653589793,0.4029165557129663,2.589284159370257,False
9,-0.16826120393248628,-0.14019007769167668,0.4661828467584896,3.141592653589793,1.2645725834277128,0.6946414905742182,True
10,0.15719203162591533,0.4270467369596717,0.21009854411824808,3.141592653589793,0.6416554023117376,-1.9234960167443436,True
11,-0.2151450676497511,0.05063657359190376,0.46611279903172814,3.141592653589793,1.2613055891081193,-0.23115322669966082,True
12,-0.4652221269058601,0.005163392477655279,0.22738295455116078,3.141592653589793,0.6560899203692475,-0.011098312357160535,True
13,0.3835506011214614,0.3181684064349203,0.09017389604492332,3.141592653589793,0.3933013459133203,-2.4491005811854287,True
14,0.4283673804905851,0.28434812261134784,0.05502317608704483,3.141592653589793,0.3159929180623092,-2.555580767209022,False
15,0.3693989889470633,0.13536742243389158,0.3107325107737357,3.141592653589793,0.8602582409794198,-2.7903360867156013,True
16,0.3329207490769759,-0.3359406281370763,0.15513982995800846,3.141592653589793,0.5325074562307454,2.3516795658099063,True
17,-0.33983968290346256,0.20652917687530958,0.3277757735824301,3.141592653589793,0.874411583601169,-0.5460805210592587,True
18,0.02944708094292702,-0.4317530526155172,0.216984173995743,3.141592653589793,0.6790409611319664,1.6388943932984397,True
19,-0.023091426313230138,-0.3283967134359136,0.36743905008244127,3.141592653589793,1.0167355145368115,1.5005962274315978,True
20,-0.39408904935148215,0.25604073351142304,0.18618129765674665,3.141592653589793,0.5872629280286144,-0.5761662191275799,True
21,0.27618408174722886,0.2718470751169825,0.3291164551811,3.141592653589793,0.8900658059166442,-2.364108120721817,True
22,0.468017100299592,0.11434280569252206,0.059884522974168214,3.141592653589793,0.34724352038418477,-2.9019732914819554,False
23,0.042931609109994315,0.2751018555375715,0.4015036338648572,3.141592653589793,1.1269944036460138,-1.7256048006222928,True
24,-0.17300390696796678,0.26669265328460245,0.38762303448587027,3.141592653589793,1.0528100409256773,-0.9953345229561191,True
25,0.03309108020325673,-0.3329213184201421,0.36883508689682626,3.141592653589793,1.0098385783460089,1.6698670214601603,True
26,0.08772352430963007,-0.28137296144249907,0.4125117364237762,3.141592653589793,1.109532313727698,1.873015602376762,True
27,-0.4215171625225759,-0.15288097708879606,0.20656201964318252,3.141592653589793,0.6439289589773828,0.3479368336766245,True
28,0.09016994835348759,-0.3772276190885581,0.2958729577354389,3.141592653589793,0.8498729255853743,1.805427020698273,True
29,0.4435754682917274,-0.04314693114264864,0.23107374482349627,3.141592653589793,0.6844919758897514,3.0446269243656943,True
30,0.35366204846392535,-0.3431468979714623,0.1314008554296331,3.141592653589793,0.47246683954979346,2.371283780421615,True
31,-0.473209422493481,0.13005778788117478,0.0753042888330641,3.141592653589793,0.3709105552356813,-0.268219242473622,False
32,0.09504439578987565,-0.3829061479542654,0.304516763718898,3.141592653589793,0.8511638299089611,1.8140975974980538,True
33,0.2720341999892376,0.09458988355369563,0.42168466911620034,3.141592653589793,1.1270196944972362,-2.8069565188616594,True
34,-0.4646983592258659,-0.21427254606292934,0.02052116913811347,3.141592653589793,0.25014188299307644,0.4320464872165312,False
35,-0.4739767131518634,-0.0865963005107376,0.16981840101341078,3.141592653589793,0.5482458172134479,0.18070850861585308,True
36,0.21340488356802392,0.3823153348538233,0.25546060298516615,3.141592653589793,0.7291951376590501,-2.0799062647108832,True
37,0.2412758479058536,-0.20540101316969483,0.40031956737582164,3.141592653589793,1.0653641880667004,2.436337426259353,True
38,-0.04798190421506014,0.03877030309765195,0.5003184391709296,3.141592653589793,1.5346846719354503,-0.6796116474096503,False
39,0.28621587534015125,-0.2611092233855755,0.3278854141909085,3.141592653589793,0.8888073613598728,2.4020339088711986,True
40,0.13374189574832523,0.4852893414619102,0.0378924494235213,3.141592653589793,0.28923408383514465,-1.8397129001394554,False
41,-0.4432506924061734,-0.06046569673485638,0.23396058503107553,3.141592653589793,0.6867130840283621,0.1355773722258907,True
42,-0.23392999159339586,-0.3234357660870856,0.2954023202264797,3.141592653589793,0.8333831178497931,0.9446258601701377,True
43,0.26541181580988893,-0.3855538535063875,0.14310454002361708,3.141592653589793,0.516482319736455,2.1736884734205892,True
44,0.251224468746467,0.14826800296655374,0.38880567666860333,3.141592653589793,1.0952544745344712,-2.6084240112087067,True
45,-0.44386465449676243,0.20424003573987187,0.10774845592236863,3.141592653589793,0.43369774251628923,-0.43125456988469607,True
46,-0.21385413870744135,0.29349595577566095,0.34437649885888966,3.141592653589793,0.9420575043960885,-0.9411035796280848,True
47,0.05500169263209172,0.05048382024610183,0.4959236689170918,3.141592653589793,1.5127034749323867,-2.3989976471912406,True
48,0.29717577367088344,0.23615255483758532,0.3080421154972637,3.141592653589793,0.8767156908409168,-2.470118663802604,True
49,0.014287514372265692,-0.4647468000103624,0.19625031722853073,3.141592653589793,0.6087869219248719,1.6015292244727688,False
50,0.013917704098017125,0.1989507765558523,0.46461668490128405,3.141592653589793,1.2955811426273893,-1.640638060528149,True
51,-0.23369115258131987,-0.4101888389697454,0.19313375022966128,3.141592653589793,0.5960908047994454,1.0529421656071583,True
52,0.2886689663664149,0.3910995399922021,0.14678843848570153,3.141592653589793,0.5053113435693596,-2.206635177812866,True
53,-0.0750686341690628,0.2855122792960132,0.3922553328977754,3.141592653589793,1.0924877309912546,-1.3136893929736877,True
54,0.2974175206766303,0.36179722493053845,0.15630220387793675,3.141592653589793,0.5392006755926857,-2.258842011755082,True
55,-0.25061316104606457,-0.35420719862671823,0.266681251972359,3.141592653589793,0.7496259475897026,0.9550327566443808,True
56,-0.107237071266535,-0.17540325700564685,0.4586038496843414,3.141592653589793,1.282617561140321,1.0220552062588393,True
57,-0.4470819397307781,-0.05248239732822828,0.17325759795278706,3.141592653589793,0.587703864707516,0.11685397056443923,True
58,0.0828214012102622,0.4979011159464888,0.002657173439227261,3.141592653589793,0.21739951297987387,-1.7356281845395596,False
59,-0.1339840453621906,-0.48184550914421276,0.04162468296165721,3.141592653589793,0.2985926476288221,1.2995834769208128,False
60,-0.22810003912806587,-0.2469818534732915,0.3513754320454897,3.141592653589793,0.990065186563349,0.825121592283089,True
61,-0.4513841460816843,-0.0063725015080045785,0.25461772396101345,3.141592653589793,0.7113718932804152,0.014116752322681067,True
62,-0.19313860435492738,-0.32494781750651724,0.33527693113740636,3.141592653589793,0.9105209014152573,1.0345282489925152,True
63,-0.11697693345025974,0.35985868237983265,0.34317286707284955,3.141592653589793,0.9186664044641102,-1.2565069684365235,True
64,-0.06930248822541833,0.07946535583200692,0.4980311260611991,3.141592653589793,1.4618043524072457,-0.8536057966257431,False
65,0.32423885167814726,0.26867754265183674,0.2710191871512156,3.141592653589793,0.7720062736959103,-2.449630137923763,True
66,0.22973431550322787,0.4490329609363681,0.007547738046392777,3.141592653589793,0.22757766141121694,-2.0436967909599235,False
67,0.40010280610603954,0.2991171868463633,0.01205674677525496,3.141592653589793,0.23917124329753936,-2.4996287876168646,False
68,-0.013952498993988906,0.052789886125654654,0.5139740680757023,3.141592653589793,1.5470170635355969,-1.3124024388467204,False
69,-0.1349176192475885,0.4536949085251171,0.14074290377048504,3.141592653589793,0.5071050202351508,-1.2817493316504076,True
70,0.44893577094652987,0.040622264855284765,0.2364899517844856,3.141592653589793,0.6863205430977816,-3.051352708706304,True
71,0.23253473175783343,-0.2958909889539574,0.33465499254770403,3.141592653589793,0.9122458292085304,2.236867852190422,True
72,0.5041616027132853,-0.03425301887432277,0.018159090456505378,3.141592653589793,0.24867285313366908,3.073756346497918,False
73,-0.04826871397720538,0.38978231183433276,0.2815597212589081,3.141592653589793,0.8245982034252748,-1.4475885191136761,True
74,0.49382089726988326,-0.10984391479361495,0.014332028326575983,3.141592653589793,0.2406498609901168,2.9227192859592366,False
75,-0.49262610494780185,-0.03747048780954596,0.00845291660943514,3.141592653589793,0.23446418081690187,0.07591655196694458,False
76,-0.30706272473012325,-0.15647668854128194,0.3547311686715723,3.141592653589793,0.9805443149395138,0.47129168021168416,True
77,-0.2400322299516313,0.18887469066176937,0.3901385556294141,3.141592653589793,1.0744667099404828,-0.6666847737950382,True
78,0.33145890793877875,0.007983764484927856,0.3783805576685326,3.141592653589793,1.0234480889465523,-3.117510570266595,True
79,0.15799337225122548,-0.4536020733963153,0.12646083946800846,3.141592653589793,0.4750206301767144,1.9059632797494586,False
80,-0.26646886029692574,-0.4084251091954045,0.11106484784253805,3.141592653589793,0.440572345599533,0.9927146285786622,True
81,0.2669031567340506,-0.013064622785637579,0.41596840559116377,3.141592653589793,1.155970241656326,3.0926827656253777,True
82,0.37389418668999974,0.25216131547049103,0.22762659521009238,3.141592653589793,0.6730223927794047,-2.548242287202511,True
83,0.23453181631482548,0.21506430563953705,0.37883474463363886,3.141592653589793,1.0444530784386827,-2.39946745656112,True
84,0.16604661882716373,0.27259043206568695,0.3990371077304406,3.141592653589793,1.0607336783986947,-2.117911687122897,True
85,-0.2636622293688613,-0.31662330931530036,0.29953365065295073,3.141592653589793,0.8210307394185259,0.8764132874525116,True
86,-0.07581139449339211,0.4847835244836816,0.029057883256472752,3.141592653589793,0.2789015644107051,-1.4156707788902434,False
87,-0.47303279646556246,0.12527206366392965,0.0007253434131001633,3.141592653589793,0.22051775796401996,-0.2588844847788184,False
88,-0.08841544734403307,-0.2110490762287273,0.4572561587441433,3.141592653589793,1.24409762864938,1.1740755855617178,True
89,0.29270462494864563,0.21663547335135758,0.3268713365286801,3.141592653589793,0.9213267481173667,-2.504447159256277,True
90,0.34063380471756755,-0.25105786275042374,0.31041858156585217,3.141592653589793,0.8197381343004954,2.5064431441600976,True
91,-0.22327073199446187,-0.37764052681438665,0.24573648104813434,3.141592653589793,0.7143656905776962,1.0368536024242698,True
92,-0.3417234151729154,0.34530639327438006,0.16470731115743267,3.141592653589793,0.5358238390874485,-0.7906132873624471,True
93,0.3050342236801936,0.38109529546334137,0.16696333560282764,3.141592653589793,0.5372633381539497,-2.245789999102679,True
94,0.49201000717557297,0.1016548419646843,0.09133530929290451,3.141592653589793,0.3923339390514616,-2.9378482031007627,False
95,-0.32382127005445005,0.38708910699706517,0.032513577946503745,3.141592653589793,0.27780002261654463,-0.8741598370446114,False
96,-0.29525042861569417,-0.15286465033131225,0.35494866543798514,3.141592653589793,0.9994445526617793,0.4777432025281654,True
97,-0.37574914017487343,0.30790725729169544,0.10028443586304826,3.141592653589793,0.4222527876278062,-0.686488094300455,True
98,0.07504123311584639,-0.48559231058899,0.0062804635910853985,3.141592653589793,0.23125643475713786,1.724118957853195,False
99,-0.25512701887483735,-0.24197581292346812,0.38256553607564053,3.141592653589793,0.9973984095726915,0.7589486278028245,True
100,-0.13537443849107125,-0.45674981751555915,0.16983073684848168,3.141592653589793,0.553785585208414,1.2826580411902238,
101,0.04449817294160797,0.14012214591457262,0.4582357741577716,3.141592653589793,1.3813868004670236,-1.8782907344840252,
102,-0.34758300941390685,0.34918235039760004,0.05097461499899505,3.141592653589793,0.32190630645626905,-0.7876935389529767,
103,-0.3407545645835437,0.21467743622693133,0.2921060855993856,3.141592653589793,0.8242809953353404,-0.5621910727518304,
104,-0.043654719483849934,-0.041711083590955815,0.49605585419492154,3.141592653589793,1.5366209258464107,0.7626337768470183,
105,-0.3343959589864571,-0.26759802957478196,0.27860476493422626,3.141592653589793,0.7727741271969939,0.6748891029902043,
106,-0.009629435172558496,-0.20753289329554586,0.45672248164898294,3.141592653589793,1.2781214614531216,1.524430020870436,
107,0.2970991325913386,0.10415172853132958,0.4089257292917452,3.141592653589793,1.0756536124246918,-2.804417066732243,
108,-0.21850320229465783,-0.42954520803804996,0.12187484601143182,3.141592653589793,0.46529686080499244,1.1002248856600354,
109,0.20661378688142037,0.27369276022944283,0.3526053676324667,3.141592653589793,0.9809798898362402,-2.21743333336154,
110,0.02262151016407876,-0.0567524033844798,0.4825134099431163,3.141592653589793,1.5345988215893345,1.9500952580917532,
111,0.07923075774575596,-0.23705437525666692,0.4159722791488356,3.141592653589793,1.1843634232616869,1.8933539444234366,
112,-0.3371015624956518,-0.3571997754364355,0.12115538077467004,3.141592653589793,0.45577913615269766,0.8143374738782478,
113,0.4775029506725433,0.1431142165338314,0.04154010944180666,3.141592653589793,0.2994286125439854,-2.850398462670405,
114,-0.31472049706955724,0.23633333935170367,0.30637999858589354,3.141592653589793,0.8547689762608315,-0.6440966048930763,
115,-0.3654070915847111,0.06028017208160769,0.3506566179212643,3.141592653589793,0.9382433022984257,-0.16349465419133105,
116,-0.28860123735388393,0.2823686252527824,0.27314430048335286,3.141592653589793,0.7981312544558951,-0.774482763168627,
117,-0.35222450545652073,0.3069020926238487,0.22018414671154343,3.141592653589793,0.6432075245632123,-0.7167449107380169,
118,-0.39924609019616386,-0.19316861952383624,0.21054578159950185,3.141592653589793,0.6559204443192148,0.4506309383040577,
119,-0.047334332765254915,-0.4830966007373344,0.16247340147411282,3.141592653589793,0.5325035209414356,1.4731269895179029,
120,0.12832740657874708,0.47973316635161994,0.09806860850712386,3.141592653589793,0.4092921898287606,-1.8321742009535638,
121,-0.12713488539072998,-0.17968962922287135,0.4518772376512122,3.141592653589793,1.2553239050276936,0.9550379329583928,
122,0.4387935974775858,-0.21812816177575797,0.045369829077892616,3.141592653589793,0.31244872952915365,2.6802606727997396,
123,-0.1777339289536688,-0.33874491795250755,0.3067827363337355,3.141592653589793,0.8709222654987105,1.0875973328008006,
124,0.12416945414504228,0.47476155231178974,0.12316519191926624,3.141592653589793,0.4597349696144071,-1.826606957814234,
125,-0.0702166468326639,-0.10021189713001671,0.45850809504289586,3.141592653589793,1.4243812491601686,0.9596129627460815,
126,0.30977647303222583,0.1759788093869675,0.3685419076639205,3.141592653589793,0.9770370028272056,-2.6249720705671633,
127,-0.04924702013191738,-0.021334660362938615,0.49203645543728924,3.141592653589793,1.547711140530124,0.4088101228771141,
128,-0.3240920147738978,0.1916851167299804,0.3333185991466708,3.141592653589793,0.9104585502382364,-0.5341110604451829,
129,0.24693830399926833,0.2914314408404208,0.28756854378975766,3.141592653589793,0.8478017531357239,-2.273737677967054,
130,-0.29236038108512197,-0.21330258457636242,0.34750629019954227,3.141592653589793,0.947219605174022,0.6303088410368082,
131,0.22910306995427068,-0.13436909400953953,0.42789969466625055,3.141592653589793,1.1669338559359246,2.6111583011313204,
132,-0.1479888444556092,-0.10676764349841776,0.47826506037111144,3.141592653589793,1.329211299863549,0.6249822006228344,
133,0.20981905502481674,0.45154868847932655,0.037689381102589944,3.141592653589793,0.29208698997649624,-2.0057788564893464,
134,0.1798935588014741,0.1876776519986311,0.4347419020949792,3.141592653589793,1.180537060569856,-2.3350205526307035,
135,0.017088999713815754,-0.4820562577336239,0.13805991651302923,3.141592653589793,0.49370750967870103,1.6062317062724842,
136,-0.3592744923801976,-0.2511071735436104,0.22182819413337118,3.141592653589793,0.6795661988034322,0.6100064589114474,
137,-0.06505863837927597,-0.020567468412933894,0.4908751860098135,3.141592653589793,1.5230521524041187,0.3061952109152397,
138,-0.43200635270047316,-0.27312895041219976,0.0443145472488403,3.141592653589793,0.2972554737401266,0.5637841337118761,
139,0.35332053145266207,-0.3286551387024347,0.09599498991765645,3.141592653589793,0.4169184954195069,2.392346287674592,
140,0.12264727936339259,0.04750849079128569,0.4831740058990445,3.141592653589793,1.415119573310729,-2.772031222817221,
141,-0.014108706513005387,-0.21834572659414694,0.441042247772297,3.141592653589793,1.2516202385796489,1.5062696705079395,
142,-0.29985754062386083,-0.15805438402719116,0.372677822437123,3.141592653589793,1.0068309773163517,0.48509045850859855,
143,0.10826794438942726,-0.2910019413493877,0.40274328725193925,3.141592653589793,1.0771909637158164,1.9269802194959693,
144,0.08528547647629998,-0.3285956171149881,0.3740862778213195,3.141592653589793,1.0073895009604805,1.8247385107514746,
145,0.1393862480239866,0.3019568959024043,0.3645611108230161,3.141592653589793,1.0087605418932295,-2.003262872455792,
146,0.46127706647615935,-0.05362916328799809,0.185594356260088,3.141592653589793,0.5923481990835415,3.0258499164944297,
147,0.24422817037660013,0.43823131401826515,0.01974658979880286,3.141592653589793,0.25377326711527026,-2.0792300996991657,
148,-0.3192347453602637,-0.15230941641129903,0.37360036505531236,3.141592653589793,0.9857613174624658,0.4451667815656479,
149,0.4493573373764998,-0.22989190782230345,0.03654786842071977,3.141592653589793,0.28576776136726456,2.6687069435357844,
150,0.4679295483092936,0.05962759455061014,0.11093867167710814,3.141592653589793,0.45449265960170815,-3.0148471678959297,
151,-0.22465567266736536,-0.44374997349006196,0.049764018224560266,3.141592653589793,0.31643796994028645,1.1021482256035604,
152,-0.4157661401300285,-0.14705683585040705,0.19718843905386427,3.141592653589793,0.6377841663794731,0.3399679755968442,
153,-0.25060911295939226,0.41980760275174667,0.14211221781829758,3.141592653589793,0.4946072581085169,-1.0326137728659857,
154,-0.44280139044297134,0.20793373392465606,0.05582412242492984,3.141592653589793,0.3339088140101606,-0.4390224796226359,
155,-0.504590359483766,-0.10211062758633394,0.04503810683894226,3.141592653589793,0.29645854684872375,0.19966703657207402,
156,-0.4104067660172498,-0.22492947010093114,0.21216257119771073,3.141592653589793,0.6301512276411578,0.5013561787347236,
157,0.04478996239000793,0.336245583668569,0.36402462923689055,3.141592653589793,0.9980662539411315,-1.7032228447685775,
158,0.09057557506176117,-0.2678843477089109,0.4134819153943235,3.141592653589793,1.1291313451161897,1.8968437173150692,
159,0.2385040367809548,0.2601183059682412,0.35357123456691675,3.141592653589793,0.9668937259655601,-2.312873634903186,
160,0.19113376967100157,-0.41576268895500684,0.19424738724914697,3.141592653589793,0.6138254896207819,2.001702645609543,
161,0.3443868667098762,-0.19761450178904724,0.3271290944878662,3.141592653589793,0.8745187244988444,2.6206490570029017,
162,-0.01702974414858396,0.1699845824345954,0.461372559046152,3.141592653589793,1.341820219209703,-1.4709454484898652,
163,0.06310639316203766,0.47989099610727,0.1533968548742279,3.141592653589793,0.5185851784670066,-1.7015476077967109,
164,0.3797137314369935,-0.25832598216890934,0.2257243951673002,3.141592653589793,0.6605041340580001,2.5441987644314157,
165,0.025992467607263675,0.4916238080048556,0.050615726101246504,3.141592653589793,0.32144325424868386,-1.6236177906142482,
166,-0.37135207754475175,-0.11984303648534297,0.3098656595020584,3.141592653589793,0.8637224888198259,0.31216905404302886,
167,0.26809342122621865,0.19831287129583897,0.37883219528880857,3.141592653589793,1.0209553533384532,-2.504706153022744,
168,-0.16123831930811075,-0.06042973155084777,0.4700800104982536,3.141592653589793,1.3429426488294478,0.35858231633164916,
169,-0.0240677800840019,0.4530797067223358,0.21786075701422386,3.141592653589793,0.6551118697364975,-1.5177257963780888,
170,0.37160271869869604,0.25232629787797245,0.22013225470701409,3.141592653589793,0.6639085986150706,-2.545085290580252,
171,-0.2737652942801958,0.06842037567901074,0.4240318203634819,3.141592653589793,1.137877571151683,-0.24490664517023533,
172,-0.4388459611911642,0.07346452566867127,0.2597060243753052,3.141592653589793,0.7262948268821308,-0.16586590024451073,
173,0.3238809000516444,-0.30029939016531676,0.22163118005640073,3.141592653589793,0.6751803930587905,2.3939564963869393,
174,-0.4189882390305977,-0.28980704948707264,0.023473555276906678,3.141592653589793,0.25719240502267615,0.6051222599993614,
175,0.32722832958460457,0.3444568542328919,0.19963687935500832,3.141592653589793,0.6030659868782146,-2.330550411244039,
176,0.2158964345412777,-0.3338089041841076,0.31327981156927137,3.141592653589793,0.857582099620285,2.144895114893426,
177,0.019627213145213512,0.11059409071388115,0.49442988686488787,3.141592653589793,1.4497248614289346,-1.7464382880449805,
178,-0.3172118644361643,-0.25214218401153765,0.2868060320947438,3.141592653589793,0.8141012045524453,0.6716050357147847,
179,0.039124425411200835,-0.4758063589831847,0.10389164461470145,3.141592653589793,0.4361876796615735,1.652839372852274,
180,-0.13911144463138148,-0.02899694786803073,0.48251169737621497,3.141592653589793,1.3972810223915613,0.20550146318578755,
181,0.013585800874452129,-0.2933099020957545,0.41454072290185,3.141592653589793,1.1128334955876629,1.6170821746646213,
182,-0.3010821377980366,0.19286706202260925,0.33988591559450293,3.141592653589793,0.9455156645456517,-0.5697242318797282,
183,0.004414890476849475,-0.18087412121706586,0.44902251839266544,3.141592653589793,1.3195321907204978,1.5952001165158165,
184,0.3807352672571809,0.11292493897173168,0.30798352024584924,3.141592653589793,0.8517673630666373,-2.853260791934914,
185,0.4522698881991371,-0.15309379798402575,0.1309484872667286,3.141592653589793,0.4857240511388262,2.8151984543978124,
186,0.4131793103955628,-0.0663207032658948,0.28689391181430307,3.141592653589793,0.7964065987483333,2.9824371123187405,
